1 5.125e-06
2 1.0116e-05
3 1.5106e-05
4 2.0081e-05
5 2.43e-05
6 3.0034e-05
7 3.5041e-05
8 4.0031e-05
9 4.5027e-05
10 4.9192e-05
20 9.9072e-05
30 0.000154409
40 0.000198699
50 0.000248591
60 0.000298426
70 0.000348222
80 0.000398171
90 0.000491561
100 0.000497815
200 0.00100629
300 0.00153701
400 0.0020388
500 0.00253547
600 0.00304257
700 0.00354336
800 0.00403775
900 0.00454327
1000 0.00503614
2000 0.0101241
3000 0.0152089
4000 0.0201538
5000 0.0251636
6000 0.0301521
7000 0.0351058
8000 0.0401412
9000 0.0451331
10000 0.050136
20000 0.100076
30000 0.150082
40000 0.200089
50000 0.250094
60000 0.299961
70000 0.350027
80000 0.400007
90000 0.449931
100000 0.49996
200000 0.999531
300000 1.49952
400000 2.00218
500000 2.49903
600000 2.99896
700000 3.49859
800000 3.99831
900000 4.49861
1000000 4.99853
2000000 9.99786
3000000 14.9955
4000000 19.996
5000000 24.9933
6000000 29.989
7000000 34.9875
8000000 39.9809
9000000 44.9828
10000000 49.976
20000000 99.9689
30000000 149.954
40000000 199.916
50000000 249.995
60000000 299.975
70000000 350.041
80000000 399.869
90000000 450.123
100000000 500.036
