1 1.6e-07
2 1.77e-07
3 1.77e-07
4 1.82e-07
5 1.84e-07
6 1.74e-07
7 1.91e-07
8 1.88e-07
9 2.08e-07
10 2.2e-07
20 2.6e-07
30 3.31e-07
40 3.35e-07
50 4.4e-07
60 4.52e-07
70 5.02e-07
80 5.52e-07
90 6.01e-07
100 6.43e-07
200 1.155e-06
300 1.639e-06
400 2.128e-06
500 2.635e-06
600 3.12e-06
700 3.642e-06
800 4.035e-06
900 4.62e-06
1000 5.074e-06
2000 1.0056e-05
3000 1.5012e-05
4000 1.9933e-05
5000 2.6404e-05
6000 2.9883e-05
7000 4.0354e-05
8000 3.9819e-05
9000 4.4763e-05
10000 4.9732e-05
20000 9.926e-05
30000 0.000148806
40000 0.000198293
50000 0.000247841
60000 0.000297332
70000 0.000346953
80000 0.000432831
90000 0.000453162
100000 0.00049558
200000 0.000996134
300000 0.00149366
400000 0.00199481
500000 0.00249057
600000 0.00299945
700000 0.0035236
800000 0.00401159
900000 0.00459961
1000000 0.00511641
2000000 0.0100473
3000000 0.0166362
4000000 0.0200616
5000000 0.025026
6000000 0.0299525
7000000 0.0349576
8000000 0.0398877
9000000 0.044848
10000000 0.0496984
20000000 0.0994685
30000000 0.149098
40000000 0.198844
50000000 0.248491
60000000 0.298176
70000000 0.347759
80000000 0.397555
90000000 0.447028
100000000 0.496843
