1 1.46e-07
2 2.07e-07
3 2.2e-07
4 2.49e-07
5 2.78e-07
6 3.05e-07
7 3.19e-07
8 3.58e-07
9 3.54e-07
10 4.11e-07
20 6.99e-07
30 9.03e-07
40 1.165e-06
50 1.438e-06
60 1.673e-06
70 1.942e-06
80 2.212e-06
90 2.439e-06
100 2.717e-06
200 5.259e-06
300 7.859e-06
400 1.1001e-05
500 1.9957e-05
600 1.5545e-05
700 1.8032e-05
800 2.0729e-05
900 2.3144e-05
1000 2.575e-05
2000 6.3724e-05
3000 7.7115e-05
4000 0.000102765
5000 0.000128137
6000 0.000153768
7000 0.000179255
8000 0.000205424
9000 0.000230801
10000 0.000256266
20000 0.000519809
30000 0.000768752
40000 0.00106774
50000 0.00128643
60000 0.00154346
70000 0.00180812
80000 0.00206269
90000 0.00231676
100000 0.00257547
200000 0.00518079
300000 0.00776748
400000 0.0103933
500000 0.0129299
600000 0.0155372
700000 0.018068
800000 0.0206706
900000 0.0232346
1000000 0.0258186
2000000 0.0515038
3000000 0.0771528
4000000 0.102818
5000000 0.128621
6000000 0.15429
7000000 0.179985
8000000 0.205737
9000000 0.231424
10000000 0.257095
20000000 0.514141
30000000 0.771134
40000000 1.02798
50000000 1.28491
60000000 1.54192
70000000 1.7992
80000000 2.05595
90000000 2.31302
100000000 2.57009
