1 6.03e-07
2 1.069e-06
3 1.525e-06
4 2.1e-06
5 2.364e-06
6 2.892e-06
7 3.339e-06
8 3.815e-06
9 4.252e-06
10 4.648e-06
20 9.21e-06
30 1.3769e-05
40 1.8388e-05
50 2.2921e-05
60 2.7501e-05
70 3.2076e-05
80 3.6638e-05
90 4.1228e-05
100 4.5769e-05
200 9.1386e-05
300 0.000137169
400 0.00018779
500 0.000249517
600 0.000280243
700 0.00033094
800 0.000365571
900 0.000411243
1000 0.000456984
2000 0.000918377
3000 0.00138022
4000 0.00187753
5000 0.00233388
6000 0.00278875
7000 0.00325319
8000 0.00370189
9000 0.00416569
10000 0.00461619
20000 0.00927472
30000 0.0138187
40000 0.0183952
50000 0.0229357
60000 0.0275306
70000 0.0322318
80000 0.0366752
90000 0.04135
100000 0.0459071
200000 0.0917097
300000 0.137525
400000 0.183219
500000 0.229046
600000 0.274935
700000 0.320847
800000 0.36642
900000 0.412347
1000000 0.458194
2000000 0.916094
3000000 1.37416
4000000 1.83192
5000000 2.29021
6000000 2.74901
7000000 3.206
8000000 3.66382
9000000 4.12224
10000000 4.57959
20000000 9.16226
30000000 13.7447
40000000 18.3252
50000000 22.9093
60000000 27.4924
70000000 32.0704
80000000 36.6527
90000000 41.2368
100000000 45.8262
